# Point1	Point2	Point3
12	16	11
17	16	12
12	7	8
12	8	13
3	4	9
8	3	9
21	16	22
22	16	17
21	22	26
26	22	27
26	27	32
32	31	26
6	12	11
7	12	6
2	6	1
7	6	2
8	7	2
2	3	8
18	22	17
23	22	18
17	12	18
18	12	13
14	18	13
19	18	14
14	15	20
20	19	14
13	8	14
8	9	14
10	4	5
10	9	4
15	14	10
10	14	9
37	31	32
37	36	31
33	37	32
38	37	33
23	18	24
24	18	19
41	36	42
36	37	42
42	37	38
38	43	42
32	27	28
28	33	32
27	22	28
28	22	23
39	44	43
39	43	38
45	44	39
39	40	45
25	19	20
25	24	19
23	24	29
29	28	23
29	25	30
24	25	29
34	30	35
34	29	30
33	28	34
28	29	34
35	40	34
40	39	34
38	33	34
34	39	38
