# Point1	Point2	Point3
101	102	119
119	118	101
273	256	274
256	257	274
274	257	258
258	275	274
276	259	260
260	277	276
276	275	258
258	259	276
143	144	160
160	144	161
171	154	155
155	172	171
155	156	173
173	172	155
155	154	137
137	138	155
155	138	139
139	156	155
157	141	158
157	140	141
157	156	139
139	140	157
8	9	26
26	25	8
24	7	8
8	25	24
42	25	26
42	26	43
42	41	24
24	25	42
73	72	55
56	73	55
55	72	71
71	54	55
263	264	280
280	264	281
323	322	306
306	322	305
256	239	240
240	257	256
258	257	240
240	241	258
243	260	242
260	259	242
242	259	258
258	241	242
192	191	174
175	192	174
174	157	158
174	158	175
173	156	174
156	157	174
119	136	135
135	118	119
117	118	135
135	134	117
170	187	169
187	186	169
169	186	185
185	168	169
93	76	94
94	76	77
84	85	102
102	101	84
78	94	77
95	94	78
77	60	78
60	61	78
26	9	10
10	27	26
10	11	28
28	27	10
43	26	44
26	27	44
44	27	28
28	45	44
44	61	60
44	60	43
62	61	44
44	45	62
68	85	67
85	84	67
261	277	260
261	278	277
291	290	273
273	274	291
291	274	275
275	292	291
308	324	307
308	325	324
308	309	326
326	325	308
307	290	308
290	291	308
308	291	292
308	292	309
311	310	293
293	294	311
309	292	293
293	310	309
293	276	277
293	277	294
275	276	293
293	292	275
77	76	59
59	60	77
75	58	59
59	76	75
59	42	43
43	60	59
41	42	59
59	58	41
75	76	92
92	76	93
89	72	73
89	73	90
71	72	89
89	88	71
90	107	89
89	107	106
106	105	89
89	105	88
87	86	69
69	70	87
71	88	87
87	70	71
103	86	87
87	104	103
88	105	87
87	105	104
127	128	145
145	144	127
143	126	127
127	144	143
121	120	103
103	104	121
104	105	121
121	105	122
137	120	121
121	138	137
139	138	121
121	122	139
106	107	123
123	107	124
123	105	106
122	105	123
141	140	123
123	124	141
123	140	139
139	122	123
177	160	161
177	161	178
23	39	22
23	40	39
24	41	23
41	40	23
5	6	23
22	5	23
23	7	24
23	6	7
39	40	57
56	39	57
41	58	57
57	40	41
57	73	56
57	74	73
57	58	75
75	74	57
56	55	38
38	39	56
54	37	38
38	55	54
19	18	1
1	2	19
19	2	3
3	20	19
19	35	18
19	36	35
20	37	19
37	36	19
21	4	5
21	5	22
3	4	21
21	20	3
22	39	21
39	38	21
21	38	37
21	37	20
341	324	342
324	325	342
342	325	326
326	343	342
376	392	375
376	393	392
376	377	394
394	393	376
249	233	250
232	233	249
249	231	232
249	248	231
247	264	263
263	246	247
265	264	247
247	248	265
231	248	247
230	231	247
179	195	178
196	195	179
161	144	162
162	144	145
178	161	162
162	179	178
146	162	145
163	162	146
146	147	164
164	163	146
182	183	199
199	183	200
199	198	181
181	182	199
203	187	204
203	186	187
185	186	203
203	202	185
189	205	188
189	206	205
188	171	189
171	172	189
132	133	150
150	149	132
150	133	134
134	151	150
136	153	152
152	135	136
134	135	152
152	151	134
152	153	170
170	169	152
152	169	168
168	151	152
164	147	165
147	148	165
165	149	166
165	148	149
165	182	181
165	181	164
165	183	182
166	183	165
110	92	93
109	92	110
110	127	126
110	126	109
97	114	113
97	113	96
117	134	116
134	133	116
116	133	132
132	115	116
100	101	118
100	118	117
117	116	100
100	116	99
80	97	79
79	97	96
95	78	79
96	95	79
62	63	79
79	63	80
79	78	61
79	61	62
12	13	30
30	29	12
28	11	12
12	29	28
30	47	46
46	29	30
46	45	28
28	29	46
46	47	64
64	63	46
62	45	46
46	63	62
17	34	33
33	16	17
15	16	33
33	32	15
64	47	48
48	65	64
50	51	68
68	67	50
34	51	50
50	33	34
32	33	50
49	32	50
66	50	67
49	50	66
65	48	66
66	48	49
262	246	263
262	245	246
263	280	262
262	280	279
278	261	262
279	278	262
244	260	243
244	261	260
245	262	244
244	262	261
326	309	327
309	310	327
327	310	311
311	328	327
91	107	90
108	107	91
91	92	109
109	108	91
90	73	91
73	74	91
75	92	91
91	74	75
141	124	125
125	142	141
125	126	143
143	142	125
124	107	125
125	107	108
109	126	125
125	108	109
176	192	175
176	193	192
193	176	194
194	176	177
194	177	178
178	195	194
53	52	35
35	36	53
53	37	54
53	36	37
69	52	53
53	70	69
53	54	71
71	70	53
557	556	539
539	540	557
523	540	539
539	522	523
519	502	503
503	520	519
520	503	521
521	503	504
536	553	552
552	535	536
552	551	534
534	535	552
536	535	518
519	536	518
534	517	518
518	535	534
482	481	464
464	465	482
482	465	466
466	483	482
484	467	468
484	468	485
466	467	484
484	483	466
477	460	478
460	461	478
478	461	462
462	479	478
410	426	409
410	427	426
410	411	428
428	427	410
409	392	410
392	393	410
410	393	394
394	411	410
443	426	444
426	427	444
428	445	444
444	427	428
444	460	443
444	461	460
462	461	444
444	445	462
464	463	446
447	464	446
462	445	446
446	463	462
464	481	480
480	463	464
480	479	462
462	463	480
359	342	343
359	343	360
359	358	341
341	342	359
377	376	359
360	377	359
375	358	359
359	376	375
399	398	381
381	382	399
361	377	360
361	378	377
379	378	361
361	362	379
298	280	281
298	297	280
277	278	295
294	277	295
281	264	282
282	264	265
180	163	164
164	181	180
179	162	180
180	162	163
181	198	180
198	197	180
196	179	180
180	197	196
145	128	129
129	146	145
147	146	129
129	130	147
220	204	221
220	203	204
202	203	220
220	219	202
200	183	201
201	183	184
185	202	201
201	184	185
173	174	190
190	174	191
190	172	173
190	189	172
193	194	210
210	194	211
223	239	222
223	240	239
241	240	223
223	224	241
222	205	223
205	206	223
149	150	167
166	149	167
167	150	151
167	151	168
167	183	166
184	183	167
167	168	185
185	184	167
131	115	132
131	114	115
113	114	131
131	130	113
132	149	131
149	148	131
131	148	147
147	130	131
112	95	96
96	113	112
130	129	112
113	130	112
98	116	115
99	116	98
114	97	98
115	114	98
83	100	99
83	99	82
83	84	101
101	100	83
65	66	83
82	65	83
83	67	84
83	66	67
30	13	31
13	14	31
15	32	31
31	14	15
31	47	30
31	48	47
31	32	49
49	48	31
344	327	328
344	328	345
344	343	326
326	327	344
362	361	344
345	362	344
360	343	344
344	361	360
175	158	159
159	176	175
160	177	159
177	176	159
158	141	159
141	142	159
143	160	159
159	142	143
529	528	511
511	512	529
529	512	513
529	513	530
545	528	529
529	546	545
529	547	546
530	547	529
532	531	514
514	515	532
530	513	514
514	531	530
511	494	495
495	512	511
495	494	477
477	478	495
537	554	553
537	553	536
519	520	537
537	536	519
510	527	509
527	526	509
525	508	509
509	526	525
509	493	510
509	492	493
527	544	543
543	526	527
525	526	543
543	542	525
543	544	561
561	560	543
543	560	559
559	542	543
541	540	523
523	524	541
525	542	541
541	524	525
541	558	557
557	540	541
559	558	541
541	542	559
486	503	502
486	502	485
504	503	486
486	487	504
505	488	489
505	489	506
504	487	505
487	488	505
523	522	505
506	523	505
505	521	504
522	521	505
506	489	507
489	490	507
507	524	523
507	523	506
507	508	525
525	524	507
491	509	508
492	509	491
491	507	490
508	507	491
548	531	532
532	549	548
548	547	530
530	531	548
515	516	533
532	515	533
533	517	534
533	516	517
533	550	549
533	549	532
551	550	533
534	551	533
499	482	483
499	483	500
517	516	499
500	517	499
501	484	485
485	502	501
483	484	501
500	483	501
501	502	519
519	518	501
501	518	517
501	517	500
429	445	428
429	446	445
447	446	429
429	430	447
428	411	429
411	412	429
429	412	413
413	430	429
414	396	397
413	396	414
397	398	414
414	398	415
442	459	441
441	459	458
468	467	451
467	450	451
435	452	451
451	434	435
431	430	413
413	414	431
448	465	464
448	464	447
447	430	448
430	431	448
399	382	383
383	400	399
369	386	368
368	386	385
394	377	395
377	378	395
395	378	379
379	396	395
395	411	394
395	412	411
413	412	395
395	396	413
382	381	364
365	382	364
397	396	380
380	396	379
380	381	398
380	398	397
311	294	312
294	295	312
312	328	311
312	329	328
323	340	339
339	322	323
283	284	301
300	283	301
285	302	301
301	284	285
266	282	265
283	282	266
265	248	266
248	249	266
319	301	302
318	301	319
289	306	288
288	306	305
305	304	288
304	287	288
286	302	285
286	303	302
304	303	286
286	287	304
250	233	251
233	234	251
200	201	218
217	200	218
202	219	218
218	201	202
235	234	218
218	234	217
218	236	235
219	236	218
192	193	209
193	210	209
212	194	195
211	194	212
212	195	196
196	213	212
227	209	210
226	209	227
227	210	211
211	228	227
227	244	243
243	226	227
245	244	227
227	228	245
93	94	111
111	110	93
111	94	95
95	112	111
128	127	111
127	110	111
111	129	128
111	112	129
99	98	81
82	99	81
81	97	80
81	98	97
64	65	81
81	65	82
80	63	81
81	63	64
496	514	513
497	514	496
513	512	496
512	495	496
479	480	496
496	480	497
496	478	479
496	495	478
522	539	538
538	521	522
520	521	538
538	537	520
538	556	555
538	539	556
555	554	538
554	537	538
498	480	481
497	480	498
481	482	498
482	499	498
515	514	498
498	514	497
498	516	515
498	499	516
424	425	442
442	441	424
440	424	441
423	424	440
432	414	415
432	431	414
449	467	466
449	450	467
466	465	449
465	448	449
449	448	431
431	432	449
366	383	382
366	382	365
387	404	403
403	386	387
379	362	363
363	380	379
363	364	381
381	380	363
345	328	346
328	329	346
346	362	345
346	363	362
299	283	300
299	282	283
299	298	281
281	282	299
297	298	315
314	297	315
298	299	315
315	299	316
315	331	314
332	331	315
315	333	332
315	316	333
318	335	317
317	335	334
333	316	317
334	333	317
300	301	317
317	301	318
317	299	300
316	299	317
280	297	296
279	280	296
296	278	279
296	295	278
285	284	267
267	268	285
267	284	283
283	266	267
267	251	268
250	251	267
267	249	250
267	266	249
305	322	321
321	304	305
269	286	285
285	268	269
287	286	269
269	270	287
235	236	252
252	236	253
252	251	234
252	234	235
270	269	252
253	270	252
268	251	252
252	269	268
271	255	272
271	254	255
271	270	253
253	254	271
271	272	289
289	288	271
271	288	287
287	270	271
221	238	237
237	220	221
219	220	237
237	236	219
237	238	255
255	254	237
253	236	237
237	254	253
243	242	225
225	226	243
225	242	241
241	224	225
206	189	207
189	190	207
207	223	206
224	223	207
229	212	213
229	213	230
211	212	229
229	228	211
229	247	246
230	247	229
246	245	229
245	228	229
196	197	214
214	213	196
214	197	198
198	215	214
214	231	230
230	213	214
232	231	214
214	215	232
216	199	200
216	200	217
198	199	216
216	215	198
216	234	233
217	234	216
216	233	232
232	215	216
459	476	475
458	459	475
475	476	493
493	492	475
492	491	475
491	474	475
489	488	471
471	472	489
471	488	487
487	470	471
485	468	469
469	486	485
487	486	469
469	470	487
468	451	469
469	451	452
436	418	419
435	418	436
435	434	417
417	418	435
433	451	450
434	451	433
450	449	433
433	449	432
367	368	385
385	384	367
383	366	367
384	383	367
400	383	401
401	383	384
418	417	401
401	417	400
405	404	387
405	387	388
422	421	405
405	421	404
405	423	422
405	406	423
407	408	425
425	424	407
407	424	423
423	406	407
391	408	407
407	390	391
356	340	357
356	339	340
371	372	389
388	371	389
389	405	388
406	405	389
389	407	406
390	407	389
370	386	369
387	386	370
388	387	370
370	371	388
334	335	352
352	351	334
369	368	352
352	368	351
352	370	369
353	370	352
336	352	335
353	352	336
318	319	336
336	335	318
331	348	347
330	331	347
347	346	329
347	329	330
365	364	347
347	348	365
364	363	347
363	346	347
313	297	314
313	296	297
313	312	295
295	296	313
314	331	313
313	331	330
329	312	313
330	329	313
302	303	320
320	319	302
320	303	304
304	321	320
320	336	319
337	336	320
208	191	192
192	209	208
208	190	191
208	207	190
208	209	226
226	225	208
208	225	224
224	207	208
458	475	457
457	475	474
457	441	458
457	440	441
455	456	473
472	455	473
473	457	474
456	457	473
473	490	489
489	472	473
473	491	490
473	474	491
439	456	455
439	455	438
440	457	439
439	457	456
439	421	422
438	421	439
423	440	439
422	423	439
438	455	454
454	437	438
472	471	454
454	455	472
420	436	419
437	436	420
420	421	438
438	437	420
420	403	404
404	421	420
416	398	399
415	398	416
399	400	416
400	417	416
416	432	415
416	433	432
416	417	434
434	433	416
368	367	350
351	368	350
334	351	350
350	333	334
385	386	402
386	403	402
402	384	385
402	401	384
402	420	419
403	420	402
419	418	402
418	401	402
357	374	373
373	356	357
373	374	391
391	390	373
373	389	372
390	389	373
338	320	321
337	320	338
322	339	338
338	321	322
354	370	353
371	370	354
353	336	354
354	336	337
453	469	452
470	469	453
453	471	470
453	454	471
453	452	435
435	436	453
437	454	453
453	436	437
349	366	365
365	348	349
349	367	366
349	350	367
349	348	331
349	331	332
332	333	349
333	350	349
355	373	372
356	373	355
355	372	371
371	354	355
339	356	355
355	338	339
337	338	355
355	354	337
