# Point1	Point2	Point3
1032	1033	1066
1066	1065	1032
1258	1290	1257
1291	1290	1258
241	274	273
241	273	240
241	240	207
207	208	241
241	209	242
241	208	209
274	241	275
275	241	242
635	636	668
668	636	669
143	110	111
111	144	143
109	110	143
143	142	109
100	67	101
67	68	101
101	68	69
69	102	101
142	143	175
175	143	176
209	208	175
176	209	175
175	208	207
207	174	175
141	174	173
141	173	140
142	175	141
141	175	174
109	142	141
141	108	109
1000	966	967
999	966	1000
968	1001	1000
1000	967	968
1000	1033	1032
1000	1032	999
1034	1033	1000
1000	1001	1034
994	962	995
961	962	994
992	991	958
958	959	992
995	962	996
996	962	963
963	964	996
996	964	997
998	966	999
965	966	998
997	964	998
998	964	965
975	974	942
942	974	941
961	994	960
960	994	993
960	992	959
993	992	960
958	925	926
926	959	958
926	960	959
927	960	926
963	962	930
930	962	929
930	964	963
931	964	930
932	966	965
933	966	932
965	964	932
932	964	931
429	462	428
462	461	428
494	526	493
527	526	494
494	495	528
528	527	494
494	493	460
460	461	494
462	495	494
494	461	462
282	314	281
315	314	282
282	316	315
283	316	282
330	363	329
329	363	362
1289	1288	1255
1255	1256	1289
1257	1290	1289
1289	1256	1257
1255	1222	1223
1223	1256	1255
1257	1256	1223
1223	1224	1257
231	264	230
264	263	230
230	263	262
262	229	230
544	543	510
544	510	511
570	537	571
537	538	571
506	473	474
474	507	506
506	540	539
507	540	506
529	496	530
496	497	530
498	531	530
530	497	498
496	463	464
464	497	496
464	465	498
498	497	464
547	548	580
580	548	581
525	526	558
558	526	559
559	592	558
558	592	591
581	548	582
582	548	549
536	503	504
504	537	536
536	535	502
502	503	536
470	471	504
504	503	470
502	469	470
470	503	502
501	534	533
501	533	500
502	535	501
535	534	501
692	660	693
692	659	660
725	693	726
725	692	693
669	636	637
637	670	669
662	661	628
628	629	662
662	629	630
630	663	662
53	20	21
53	21	54
25	58	24
58	57	24
35	67	34
35	68	67
69	68	35
35	36	69
15	16	49
48	15	49
48	49	82
82	81	48
77	110	109
109	76	77
111	110	77
77	78	111
112	78	79
111	78	112
79	80	112
112	80	113
112	144	111
112	145	144
146	145	112
112	113	146
132	165	131
165	164	131
131	99	132
131	98	99
192	224	191
225	224	192
195	229	228
196	229	195
227	194	195
228	227	195
188	189	222
222	221	188
134	133	100
100	101	134
134	101	102
102	135	134
134	166	133
167	166	134
107	139	106
140	139	107
107	141	140
108	141	107
203	202	169
169	170	203
104	105	138
138	137	104
106	139	138
138	105	106
235	203	236
235	202	203
236	269	235
269	268	235
235	267	234
235	268	267
199	166	200
200	166	167
232	199	200
200	233	232
206	174	207
173	174	206
173	206	172
172	206	205
140	173	172
172	139	140
281	314	280
314	313	280
312	279	280
280	313	312
1005	1038	1004
1004	1038	1037
1034	1001	1002
1002	1035	1034
904	937	936
903	904	936
967	966	934
934	966	933
968	967	934
934	935	968
906	940	939
907	940	906
874	907	906
906	873	874
1005	1004	971
972	1005	971
945	946	978
978	946	979
978	944	945
977	944	978
1010	977	978
978	1011	1010
952	919	953
953	919	920
1027	994	995
995	1028	1027
993	994	1027
1027	1026	993
913	946	945
945	912	913
879	913	912
880	913	879
903	936	902
902	936	935
928	962	961
929	962	928
961	960	928
928	960	927
887	919	886
920	919	887
791	792	825
825	824	791
874	873	841
873	840	841
1006	1038	1005
1039	1038	1006
1043	1042	1009
1010	1043	1009
1009	1042	1041
1041	1008	1009
1072	1039	1040
1072	1040	1073
459	426	427
427	460	459
427	428	461
427	461	460
417	383	384
416	383	417
416	417	449
449	417	450
460	493	492
459	460	492
492	458	459
491	458	492
493	526	492
492	526	525
491	492	524
524	492	525
442	475	474
474	441	442
476	475	442
442	443	476
265	232	266
232	233	266
234	267	266
266	233	234
286	319	318
318	285	286
328	329	362
362	361	328
264	297	296
296	263	264
296	297	330
330	329	296
999	1032	1031
1031	998	999
997	998	1031
1031	1030	997
995	996	1029
1029	1028	995
1029	996	997
997	1030	1029
1157	1156	1123
1123	1124	1157
1125	1158	1157
1157	1124	1125
1195	1196	1228
1228	1196	1229
1160	1159	1126
1126	1127	1160
1126	1158	1125
1126	1159	1158
1094	1127	1126
1126	1093	1094
1092	1093	1126
1125	1092	1126
1259	1258	1225
1225	1226	1259
1225	1258	1257
1257	1224	1225
197	230	229
197	229	196
197	198	231
231	230	197
165	198	197
197	164	165
311	279	312
311	278	279
277	278	311
310	277	311
309	277	310
309	276	277
275	276	309
309	308	275
261	229	262
228	229	261
261	227	228
261	260	227
292	259	293
293	259	260
260	261	293
293	261	294
293	325	292
326	325	293
327	326	293
293	294	327
292	325	291
291	325	324
324	323	291
323	290	291
575	542	543
575	543	576
543	542	509
510	543	509
539	540	572
572	540	573
572	571	538
572	538	539
505	538	537
505	537	504
505	506	539
539	538	505
504	471	505
471	472	505
473	506	505
505	472	473
563	562	529
529	530	563
563	530	531
531	564	563
565	532	533
533	566	565
565	564	531
531	532	565
431	463	430
431	464	463
465	464	431
431	432	465
499	466	467
499	467	500
498	465	499
465	466	499
500	533	499
533	532	499
499	531	498
499	532	531
467	466	433
433	434	467
465	432	433
433	466	465
512	544	511
545	544	512
560	592	559
560	593	592
561	594	560
594	593	560
560	526	527
559	526	560
528	561	560
560	527	528
671	637	638
670	637	671
627	660	626
660	659	626
626	594	627
626	593	594
624	623	590
591	624	590
584	551	552
552	585	584
581	582	614
582	615	614
543	544	577
576	543	577
577	544	545
545	578	577
611	579	612
578	579	611
611	577	578
610	577	611
643	610	611
611	644	643
609	575	576
608	575	609
576	577	609
609	577	610
634	667	666
634	666	633
635	668	634
668	667	634
600	632	599
633	632	600
600	634	633
601	634	600
569	537	570
569	536	537
535	536	569
568	535	569
533	534	567
567	566	533
567	534	535
567	535	568
567	600	599
567	599	566
601	600	567
568	601	567
468	501	500
500	467	468
468	469	502
502	501	468
467	434	468
434	435	468
692	725	691
691	725	724
659	692	691
658	659	691
726	759	758
758	725	726
758	759	792
792	791	758
52	18	19
51	18	52
19	20	52
20	53	52
28	29	62
62	61	28
28	61	60
60	27	28
66	99	65
99	98	65
97	64	65
65	98	97
33	66	65
65	32	33
65	31	32
64	31	65
75	43	76
42	43	75
109	108	75
75	76	109
8	9	42
42	41	8
71	39	72
38	39	71
71	105	104
72	105	71
4	36	3
4	37	36
2	34	1
2	35	34
36	35	2
3	36	2
17	18	50
50	18	51
50	16	17
50	49	16
50	82	49
83	82	50
149	148	115
115	116	149
115	82	83
83	116	115
163	197	196
164	197	163
196	195	163
163	195	162
122	123	156
156	155	122
189	188	156
156	188	155
124	156	123
157	156	124
189	156	190
190	156	157
191	224	190
224	223	190
222	189	190
190	223	222
149	116	150
116	117	150
120	88	121
87	88	120
120	153	152
120	152	119
187	220	219
187	219	186
221	220	187
187	188	221
168	134	135
167	134	168
170	169	136
137	170	136
136	168	135
169	168	136
104	137	136
136	103	104
136	135	102
102	103	136
207	240	239
239	206	207
205	206	239
239	238	205
240	273	239
273	272	239
239	272	271
271	238	239
137	138	171
171	170	137
171	138	139
139	172	171
243	275	242
243	276	275
281	280	248
248	280	247
248	282	281
248	249	282
1904	1938	1937
1905	1938	1904
1931	1897	1898
1930	1897	1931
1931	1899	1932
1898	1899	1931
1850	1882	1849
1850	1883	1882
1883	1850	1884
1884	1850	1851
1824	1857	1823
1857	1856	1823
1920	1886	1887
1919	1886	1920
1862	1894	1861
1895	1894	1862
1862	1896	1895
1862	1863	1896
1793	1792	1760
1760	1792	1759
1106	1072	1073
1105	1072	1106
1165	1164	1131
1131	1132	1165
1134	1135	1167
1167	1135	1168
1161	1194	1193
1161	1193	1160
1195	1194	1161
1161	1162	1195
1160	1127	1161
1127	1128	1161
1129	1162	1161
1161	1128	1129
1197	1196	1163
1163	1164	1197
1163	1196	1195
1195	1162	1163
969	1001	968
969	1002	1001
968	935	969
935	936	969
969	936	937
937	970	969
1003	971	1004
970	971	1003
1002	969	1003
1003	969	970
1003	1004	1037
1037	1036	1003
1035	1002	1003
1036	1035	1003
939	940	973
972	939	973
941	974	973
973	940	941
973	1005	972
973	1006	1005
938	970	937
938	971	970
972	971	938
938	939	972
918	951	950
918	950	917
918	919	952
952	951	918
1057	1024	1025
1025	1058	1057
1024	991	1025
991	992	1025
1025	992	993
993	1026	1025
1091	1090	1057
1057	1058	1091
1123	1090	1091
1091	1124	1123
1125	1124	1091
1091	1092	1125
1060	1027	1028
1028	1061	1060
1060	1061	1094
1094	1093	1060
908	940	907
941	940	908
908	942	941
908	909	942
945	944	911
911	912	945
878	879	911
911	879	912
886	919	885
919	918	885
885	918	917
917	884	885
917	950	916
950	949	916
948	915	916
916	949	948
916	884	917
883	884	916
915	882	916
916	882	883
948	947	914
914	915	948
946	913	914
947	946	914
843	844	877
877	876	843
880	879	846
847	880	846
856	889	888
856	888	855
855	888	854
888	887	854
701	667	668
700	667	701
771	804	803
803	770	771
860	859	826
826	827	860
1069	1036	1037
1037	1070	1069
1069	1035	1036
1069	1068	1035
1067	1066	1033
1067	1033	1034
1034	1035	1067
1035	1068	1067
1067	1068	1101
1101	1100	1067
1007	974	975
975	1008	1007
1007	973	974
1006	973	1007
1007	1008	1041
1007	1041	1040
1039	1006	1007
1040	1039	1007
976	1009	1008
976	1008	975
976	977	1010
1010	1009	976
975	942	976
976	942	943
976	944	977
943	944	976
1037	1038	1071
1071	1070	1037
1071	1038	1039
1039	1072	1071
1071	1072	1105
1071	1105	1104
356	322	323
355	322	356
356	323	324
324	357	356
360	326	327
359	326	360
360	328	361
327	328	360
358	325	326
358	326	359
324	325	358
358	357	324
421	422	455
454	421	455
354	322	355
321	322	354
320	354	353
321	354	320
287	288	320
320	288	321
320	286	287
319	286	320
510	509	477
477	509	476
511	510	477
477	478	511
480	447	448
448	481	480
347	313	314
347	346	313
346	347	379
379	347	380
310	311	344
343	310	344
695	694	661
661	662	695
695	662	663
663	696	695
485	453	486
452	453	485
550	582	549
583	582	550
551	584	550
550	584	583
549	516	550
550	516	517
550	517	518
518	551	550
557	523	524
556	523	557
525	558	557
557	524	525
557	558	591
591	590	557
522	521	488
489	522	488
456	489	488
488	455	456
302	268	269
301	268	302
305	272	273
305	273	306
271	272	305
305	304	271
267	268	300
300	268	301
436	470	469
437	470	436
469	468	436
436	468	435
404	437	436
436	403	404
402	403	436
436	435	402
236	203	204
204	237	236
205	238	204
238	237	204
203	170	204
170	171	204
204	172	205
204	171	172
317	285	318
317	284	285
317	316	283
283	284	317
254	288	287
255	288	254
254	221	222
222	255	254
327	294	295
295	328	327
329	328	295
295	296	329
295	261	262
294	261	295
262	263	295
263	296	295
1028	1029	1062
1062	1061	1028
1062	1029	1030
1030	1063	1062
1095	1127	1094
1095	1128	1127
1129	1128	1095
1095	1096	1129
1094	1061	1095
1061	1062	1095
1095	1062	1063
1095	1063	1096
1032	1065	1064
1064	1031	1032
1030	1031	1064
1064	1063	1030
1064	1065	1098
1098	1097	1064
1096	1063	1064
1064	1097	1096
1189	1156	1190
1156	1157	1190
1190	1157	1158
1158	1191	1190
1190	1222	1189
1190	1223	1222
1224	1223	1190
1190	1191	1224
1193	1194	1227
1226	1193	1227
1195	1228	1227
1227	1194	1195
1172	1173	1205
1205	1173	1206
1226	1225	1192
1192	1193	1226
1192	1225	1224
1224	1191	1192
1192	1159	1160
1160	1193	1192
1158	1159	1192
1192	1191	1158
1351	1350	1317
1317	1318	1351
1313	1346	1345
1345	1312	1313
258	224	225
257	224	258
258	291	290
258	290	257
258	259	292
292	291	258
226	258	225
259	258	226
227	260	226
260	259	226
225	192	226
192	193	226
226	194	227
226	193	194
256	223	224
256	224	257
222	223	256
256	255	222
573	540	574
574	540	541
542	575	574
541	542	574
606	573	574
574	607	606
574	575	608
608	607	574
508	540	507
541	540	508
508	509	542
508	542	541
474	475	508
508	507	474
508	475	476
476	509	508
570	571	604
603	570	604
604	637	636
604	636	603
596	595	562
562	563	596
596	563	564
564	597	596
628	595	596
596	629	628
630	629	596
596	597	630
598	565	566
566	599	598
564	565	598
598	597	564
598	632	631
599	632	598
630	597	598
598	631	630
430	397	398
398	431	430
549	548	515
515	516	549
546	578	545
546	579	578
547	580	546
580	579	546
545	512	546
546	512	513
606	607	639
607	640	639
670	671	704
704	703	670
645	611	612
644	611	645
625	626	659
625	659	658
591	592	625
625	624	591
592	593	625
593	626	625
619	587	620
586	587	619
622	623	656
656	655	622
556	557	589
589	557	590
589	590	623
589	623	622
647	614	615
647	615	648
648	681	647
681	680	647
613	645	612
646	645	613
614	647	613
613	647	646
612	579	613
613	579	580
613	580	581
581	614	613
665	632	633
633	666	665
602	569	570
602	570	603
568	569	602
602	601	568
602	636	635
603	636	602
635	634	602
602	634	601
679	645	646
678	645	679
679	647	680
646	647	679
723	691	724
690	691	723
690	723	689
689	723	722
722	723	755
755	723	756
756	789	755
755	789	788
685	651	652
684	651	685
757	723	724
756	723	757
724	725	757
725	758	757
757	789	756
790	789	757
757	758	791
757	791	790
62	29	30
30	63	62
30	31	64
64	63	30
59	58	25
25	26	59
59	26	27
59	27	60
119	152	118
152	151	118
118	150	117
151	150	118
87	120	86
86	120	119
119	118	86
86	118	85
86	53	54
54	87	86
86	52	53
86	85	52
84	50	51
83	50	84
51	52	84
52	85	84
84	116	83
84	117	116
84	118	117
85	118	84
55	88	87
55	87	54
21	22	55
54	21	55
89	123	122
90	123	89
121	88	89
122	121	89
42	75	74
74	41	42
108	107	74
74	75	108
40	39	7
7	39	6
7	8	41
7	41	40
70	102	69
70	103	102
70	71	104
104	103	70
69	36	70
36	37	70
38	71	70
70	37	38
5	39	38
6	39	5
37	4	5
38	37	5
10	43	42
42	9	10
44	10	11
43	10	44
44	11	12
12	45	44
44	77	76
76	43	44
78	77	44
44	45	78
113	80	114
114	80	81
81	82	114
82	115	114
146	113	114
114	147	146
114	115	148
114	148	147
130	163	162
130	162	129
130	131	164
164	163	130
98	131	130
97	98	130
159	126	127
159	127	160
159	193	192
160	193	159
160	127	161
127	128	161
129	162	161
161	128	129
194	193	161
161	193	160
161	195	194
162	195	161
122	155	154
154	121	122
154	120	121
153	120	154
155	188	154
188	187	154
154	187	186
186	153	154
201	169	202
201	168	169
201	200	167
167	168	201
201	235	234
202	235	201
233	200	201
234	233	201
177	143	144
176	143	177
144	145	177
145	178	177
179	145	146
179	178	145
242	209	210
210	243	242
210	209	176
176	177	210
210	177	178
210	178	211
178	179	212
211	178	212
243	210	244
244	210	211
244	212	245
211	212	244
277	276	244
276	243	244
244	278	277
244	245	278
246	280	279
247	280	246
279	278	246
278	245	246
251	218	219
219	252	251
285	284	251
252	285	251
215	248	247
215	247	214
249	248	215
216	249	215
2136	2104	2137
2136	2103	2104
2101	2134	2133
2101	2133	2100
2004	2003	1970
1971	2004	1970
2002	1969	1970
1970	2003	2002
1937	1938	1970
1970	1938	1971
1934	1901	1935
1901	1902	1935
1934	1935	1968
1968	1967	1934
1999	1966	1967
1999	1967	2000
2032	2031	1999
1999	2031	1998
1934	1967	1933
1967	1966	1933
2002	2003	2036
2035	2002	2036
2036	2003	2004
2004	2037	2036
1975	1942	1976
1976	1942	1943
1944	1976	1943
1977	1976	1944
1943	1910	1944
1910	1911	1944
1947	1980	1979
1979	1946	1947
1980	2013	1979
2013	2012	1979
1941	1942	1974
1974	1942	1975
1974	1940	1941
1973	1940	1974
1971	1938	1972
1972	1938	1939
1972	1940	1973
1939	1940	1972
1898	1897	1864
1865	1898	1864
1896	1863	1864
1864	1897	1896
1915	1882	1916
1882	1883	1916
1883	1884	1916
1916	1884	1917
1849	1816	1817
1817	1850	1849
1851	1850	1817
1817	1818	1851
1853	1886	1852
1852	1886	1885
1852	1884	1851
1885	1884	1852
1929	1897	1930
1896	1897	1929
1895	1896	1929
1929	1928	1895
1930	1963	1929
1929	1963	1962
1962	1961	1929
1961	1928	1929
2015	2014	1981
1981	1982	2015
1983	2016	2015
2015	1982	1983
1984	1952	1985
1984	1951	1952
1983	1950	1984
1950	1951	1984
1922	1955	1921
1921	1955	1954
1919	1920	1953
1953	1952	1919
1953	1921	1954
1920	1921	1953
1887	1886	1854
1854	1886	1853
1889	1856	1857
1857	1890	1889
2111	2079	2112
2111	2078	2079
2077	2078	2111
2111	2110	2077
2111	2112	2145
2145	2144	2111
1994	1993	1960
1960	1961	1994
1994	1961	1962
1962	1995	1994
1956	1957	1990
1990	1989	1956
1990	1957	1958
1958	1991	1990
2129	2128	2095
2095	2096	2129
2063	2096	2095
2095	2062	2063
2062	2095	2061
2061	2095	2094
2088	2056	2089
2055	2056	2088
2116	2115	2083
2115	2082	2083
2116	2083	2117
2117	2083	2084
1906	1938	1905
1939	1938	1906
1906	1940	1939
1907	1940	1906
1908	1940	1907
1941	1940	1908
1913	1914	1947
1947	1946	1913
1791	1792	1825
1825	1824	1791
1793	1826	1825
1825	1792	1793
1829	1862	1861
1861	1828	1829
1863	1862	1829
1829	1830	1863
1853	1852	1819
1819	1820	1853
1851	1818	1819
1819	1852	1851
1759	1792	1758
1758	1792	1791
1795	1794	1761
1761	1762	1795
1793	1760	1761
1761	1794	1793
1759	1758	1726
1726	1758	1725
1655	1654	1621
1621	1622	1655
1653	1620	1621
1621	1654	1653
1621	1589	1622
1621	1588	1589
1621	1620	1587
1587	1588	1621
1687	1654	1655
1655	1688	1687
1653	1654	1687
1687	1686	1653
1688	1721	1687
1721	1720	1687
1719	1686	1687
1687	1720	1719
1587	1586	1553
1554	1587	1553
1585	1552	1553
1553	1586	1585
1553	1521	1554
1553	1520	1521
1553	1552	1519
1519	1520	1553
1619	1618	1585
1585	1586	1619
1587	1620	1619
1619	1586	1587
1651	1618	1619
1619	1652	1651
1619	1620	1653
1653	1652	1619
1560	1592	1559
1593	1592	1560
1554	1521	1555
1521	1522	1555
1555	1522	1523
1523	1556	1555
1555	1588	1587
1555	1587	1554
1589	1588	1555
1555	1556	1589
1600	1599	1567
1567	1599	1566
1503	1469	1470
1502	1469	1503
1471	1503	1470
1504	1503	1471
1505	1504	1471
1471	1472	1505
1467	1500	1466
1466	1500	1499
1490	1457	1491
1457	1458	1491
1321	1288	1322
1288	1289	1322
1355	1354	1321
1321	1322	1355
1455	1454	1421
1422	1455	1421
1453	1420	1421
1421	1454	1453
1487	1486	1453
1453	1454	1487
1455	1488	1487
1487	1454	1455
1519	1486	1487
1487	1520	1519
1521	1520	1487
1487	1488	1521
1523	1522	1489
1489	1490	1523
1489	1522	1521
1521	1488	1489
1074	1106	1073
1107	1106	1074
1074	1108	1107
1074	1075	1108
1073	1040	1074
1040	1041	1074
1041	1042	1074
1042	1075	1074
1110	1109	1076
1076	1077	1110
1108	1075	1076
1076	1109	1108
1076	1042	1043
1076	1075	1042
1065	1066	1099
1098	1065	1099
1066	1067	1099
1099	1067	1100
1099	1132	1131
1131	1098	1099
1133	1100	1101
1133	1101	1134
1133	1099	1100
1132	1099	1133
1134	1167	1133
1133	1167	1166
1166	1165	1133
1133	1165	1132
1102	1135	1134
1134	1101	1102
1068	1069	1102
1101	1068	1102
1152	1186	1185
1153	1186	1152
1166	1167	1199
1199	1167	1200
1131	1164	1130
1164	1163	1130
1130	1162	1129
1130	1163	1162
1130	1097	1098
1130	1098	1131
1129	1096	1130
1096	1097	1130
1172	1205	1171
1171	1205	1204
1142	1109	1110
1110	1143	1142
1154	1187	1186
1154	1186	1153
1154	1155	1188
1188	1187	1154
1154	1122	1155
1121	1122	1154
1220	1188	1221
1220	1187	1188
1221	1254	1220
1220	1254	1253
1217	1218	1251
1251	1250	1217
1116	1149	1115
1115	1149	1148
1111	1143	1110
1111	1144	1143
1110	1077	1111
1077	1078	1111
905	937	904
905	938	937
905	906	939
939	938	905
904	871	905
871	872	905
873	906	905
905	872	873
839	840	873
873	872	839
839	872	871
871	838	839
984	951	952
952	985	984
979	946	980
980	946	947
1012	978	979
1011	978	1012
979	980	1012
1012	980	1013
1010	1011	1044
1044	1043	1010
1077	1076	1044
1044	1076	1043
1092	1091	1059
1059	1091	1058
1059	1093	1092
1059	1060	1093
1059	1025	1026
1058	1025	1059
1026	1027	1059
1027	1060	1059
875	907	874
875	908	907
909	908	875
876	909	875
874	841	875
875	841	842
875	843	876
842	843	875
942	909	910
943	942	910
910	911	944
910	944	943
910	876	877
910	909	876
878	911	910
877	878	910
881	913	880
881	914	913
881	882	915
915	914	881
877	844	845
845	878	877
845	879	878
845	846	879
845	812	813
813	846	845
896	930	929
896	897	930
896	864	897
896	863	864
935	934	901
901	902	935
901	934	933
933	900	901
933	932	899
899	900	933
825	858	857
857	824	825
857	858	891
857	891	890
889	856	857
890	889	857
923	924	957
957	956	923
956	955	923
923	955	922
891	924	923
890	891	923
923	889	890
923	922	889
920	887	921
921	887	888
888	889	921
889	922	921
921	953	920
954	953	921
922	955	921
921	955	954
886	885	853
853	885	852
853	887	886
853	854	887
818	817	784
784	785	818
813	812	780
812	779	780
713	680	681
713	681	714
798	765	766
766	799	798
800	799	766
766	767	800
703	704	736
736	704	737
764	765	798
798	797	764
796	763	764
764	797	796
730	764	763
731	764	730
666	667	699
699	667	700
738	771	770
770	737	738
737	704	738
738	704	705
801	802	835
835	834	801
828	860	827
861	860	828
862	861	828
828	829	862
892	859	893
859	860	893
893	860	861
861	894	893
925	892	893
893	926	925
927	926	893
893	894	927
355	356	389
389	388	355
389	422	421
389	421	388
363	396	395
362	363	395
395	361	362
395	394	361
429	428	395
395	396	429
428	427	395
427	394	395
392	358	359
391	358	392
425	426	459
459	458	425
425	458	457
457	424	425
425	424	391
391	392	425
415	383	416
415	382	383
416	449	415
415	449	448
420	421	454
454	453	420
420	453	452
452	419	420
450	417	418
418	451	450
418	419	452
452	451	418
418	417	384
384	385	418
383	382	350
350	382	349
384	383	350
350	351	384
316	317	350
349	316	350
350	317	318
318	351	350
352	385	384
384	351	352
352	320	353
319	320	352
318	319	352
352	351	318
478	477	444
445	478	444
476	443	444
444	477	476
479	478	445
445	446	479
447	480	479
446	447	479
479	512	511
511	478	479
513	512	479
479	480	513
315	316	348
348	316	349
348	314	315
348	347	314
349	382	348
348	382	381
380	347	348
381	380	348
376	344	377
343	344	376
438	437	404
404	405	438
438	406	439
438	405	406
471	470	438
438	470	437
438	472	471
439	472	438
412	379	380
380	413	412
412	446	445
412	413	446
312	313	345
313	346	345
345	311	312
345	344	311
404	403	371
371	403	370
371	405	404
371	372	405
342	309	310
342	310	343
308	309	342
342	341	308
795	763	796
795	762	763
829	828	795
796	829	795
517	516	484
484	516	483
518	517	484
484	485	518
450	451	484
484	483	450
452	485	484
484	451	452
490	522	489
490	523	522
491	524	490
524	523	490
490	489	456
456	457	490
490	458	491
457	458	490
519	485	486
518	485	519
552	551	519
519	551	518
487	519	486
520	519	487
487	488	521
521	520	487
486	453	487
487	453	454
454	455	487
455	488	487
553	585	552
586	585	553
553	587	586
554	587	553
552	519	553
553	519	520
553	520	521
521	554	553
556	589	555
555	589	588
555	587	554
588	587	555
555	523	556
522	523	555
555	521	522
555	554	521
270	269	236
236	237	270
270	238	271
270	237	238
271	304	303
303	270	271
303	302	269
269	270	303
301	302	334
334	302	335
334	300	301
333	300	334
335	368	334
334	368	367
365	397	364
365	398	397
265	266	299
299	298	265
299	266	267
267	300	299
369	403	402
370	403	369
253	286	285
253	285	252
287	286	253
253	254	287
219	220	253
253	252	219
253	220	221
221	254	253
1259	1226	1260
1226	1227	1260
1365	1331	1332
1364	1331	1365
1352	1320	1353
1352	1319	1320
1352	1351	1318
1318	1319	1352
1376	1375	1343
1375	1342	1343
257	290	289
289	256	257
289	288	255
255	256	289
289	290	323
323	322	289
289	322	321
321	288	289
605	572	573
605	573	606
571	572	605
605	604	571
606	639	605
605	639	638
638	637	605
637	604	605
516	515	482
483	516	482
482	481	448
448	449	482
482	449	450
450	483	482
514	480	481
513	480	514
514	482	515
481	482	514
547	546	514
514	546	513
514	548	547
514	515	548
642	610	643
642	609	610
709	708	676
676	708	675
675	642	676
676	642	643
658	691	657
657	691	690
690	689	657
657	689	656
624	625	657
657	625	658
657	623	624
657	656	623
622	655	621
655	654	621
621	589	622
588	589	621
620	587	621
621	587	588
653	619	620
652	619	653
653	621	654
620	621	653
618	651	650
618	650	617
652	651	618
618	619	652
618	584	585
617	584	618
586	619	618
618	585	586
650	649	616
617	650	616
648	615	616
616	649	648
583	584	616
616	584	617
616	615	582
616	582	583
650	651	683
683	651	684
664	696	663
697	696	664
664	663	630
630	631	664
631	632	664
632	665	664
688	654	655
687	654	688
655	656	688
656	689	688
787	786	754
754	786	753
754	755	788
754	788	787
684	685	718
718	717	684
90	89	56
57	90	56
88	55	56
56	89	88
56	24	57
23	24	56
56	22	23
56	55	22
72	39	73
73	39	40
41	74	73
40	41	73
106	105	73
73	105	72
73	107	106
73	74	107
47	15	48
47	14	15
48	81	47
81	80	47
191	190	158
158	190	157
158	192	191
158	159	192
157	124	158
158	124	125
126	159	158
125	126	158
91	124	123
91	123	90
91	57	58
91	90	57
182	148	149
181	148	182
149	150	182
150	183	182
214	181	182
182	215	214
216	215	182
182	183	216
184	150	151
184	183	150
216	183	184
184	217	216
147	148	180
180	148	181
146	147	180
180	179	146
247	246	213
214	247	213
245	212	213
213	246	245
213	181	214
213	180	181
213	212	179
179	180	213
250	249	216
216	217	250
218	251	250
250	217	218
283	282	250
282	249	250
250	284	283
250	251	284
2143	2111	2144
2110	2111	2143
2035	2036	2069
2069	2068	2035
2069	2036	2037
2037	2070	2069
2108	2141	2140
2140	2107	2108
2140	2139	2106
2106	2107	2140
2064	2031	2032
2064	2032	2065
2063	2062	2030
2030	2062	2029
2031	2064	2030
2030	2064	2063
1998	2031	2030
1997	1998	2030
2067	2101	2100
2068	2101	2067
2035	2068	2067
2067	2034	2035
1936	1970	1969
1937	1970	1936
1936	1968	1935
1969	1968	1936
1936	1904	1937
1936	1903	1904
1936	1935	1902
1902	1903	1936
1967	1968	2001
2000	1967	2001
2001	1969	2002
2001	1968	1969
2001	2002	2035
2035	2034	2001
2040	2073	2072
2072	2039	2040
2071	2039	2072
2071	2038	2039
2071	2070	2037
2037	2038	2071
2104	2103	2071
2103	2070	2071
2010	1976	1977
2009	1976	2010
1977	1944	1978
1978	1944	1945
1946	1979	1978
1945	1946	1978
1900	1901	1934
1934	1933	1900
1932	1899	1900
1900	1933	1932
1865	1864	1831
1831	1832	1865
1831	1864	1863
1863	1830	1831
1962	1963	1996
1996	1995	1962
1996	2030	2029
1997	2030	1996
1965	1933	1966
1932	1933	1965
1966	1999	1965
1965	1999	1998
1949	1948	1915
1915	1916	1949
1949	1916	1917
1917	1950	1949
1981	1948	1949
1949	1982	1981
1983	1982	1949
1949	1950	1983
1956	1989	1988
1988	1955	1956
1954	1955	1988
1987	1954	1988
1952	1951	1918
1919	1952	1918
1918	1951	1950
1918	1950	1917
1918	1886	1919
1885	1886	1918
1917	1884	1918
1918	1884	1885
2054	2088	2087
2055	2088	2054
2086	2053	2054
2054	2087	2086
1986	2019	2018
1986	2018	1985
1987	2020	1986
2020	2019	1986
1985	1952	1986
1952	1953	1986
1986	1953	1954
1986	1954	1987
2051	2018	2052
2018	2019	2052
2052	2019	2020
2020	2053	2052
2052	2084	2051
2052	2085	2084
2052	2053	2086
2086	2085	2052
2047	2014	2048
2014	2015	2048
2016	2049	2048
2048	2015	2016
2017	1984	1985
1985	2018	2017
2017	2016	1983
1983	1984	2017
1822	1823	1856
1856	1855	1822
1887	1854	1888
1888	1854	1855
1856	1889	1888
1888	1855	1856
1888	1920	1887
1888	1921	1920
1922	1921	1888
1888	1889	1922
2045	2013	2046
2045	2012	2013
2046	2079	2045
2079	2078	2045
2045	2078	2077
2077	2044	2045
2028	1996	2029
1995	1996	2028
2062	2061	2028
2029	2062	2028
1958	1925	1926
1926	1959	1958
1923	1955	1922
1956	1955	1923
1923	1889	1890
1922	1889	1923
2023	2056	2055
2023	2055	2022
2057	2056	2023
2023	2024	2057
1989	1990	2023
2022	1989	2023
1991	2024	2023
2023	1990	1991
2059	2058	2025
2026	2059	2025
2057	2024	2025
2025	2058	2057
2133	2132	2099
2100	2133	2099
2099	2132	2131
2131	2098	2099
2099	2067	2100
2066	2067	2099
2065	2066	2099
2099	2098	2065
2129	2096	2097
2097	2130	2129
2131	2130	2097
2097	2098	2131
2097	2096	2063
2063	2064	2097
2097	2064	2065
2065	2098	2097
2127	2095	2128
2094	2095	2127
2115	2114	2081
2081	2082	2115
2113	2080	2081
2081	2114	2113
2081	2048	2049
2081	2049	2082
2081	2080	2047
2047	2048	2081
2121	2088	2089
2089	2122	2121
2084	2083	2050
2051	2084	2050
2050	2083	2082
2082	2049	2050
2050	2018	2051
2050	2017	2018
2050	2049	2016
2016	2017	2050
1800	1799	1767
1767	1799	1766
1766	1799	1798
1798	1765	1766
1832	1831	1798
1798	1799	1832
1839	1806	1807
1839	1807	1840
1839	1838	1805
1805	1806	1839
1866	1899	1898
1866	1898	1865
1866	1900	1899
1867	1900	1866
1868	1902	1901
1869	1902	1868
1901	1900	1868
1868	1900	1867
1869	1868	1835
1835	1836	1869
1835	1868	1867
1867	1834	1835
1907	1906	1874
1874	1906	1873
1874	1908	1907
1875	1908	1874
1909	1910	1943
1943	1942	1909
1909	1942	1941
1941	1908	1909
1878	1911	1910
1910	1877	1878
1881	1914	1880
1914	1913	1880
1912	1944	1911
1945	1944	1912
1912	1913	1946
1912	1946	1945
1911	1878	1912
1912	1878	1879
1912	1880	1913
1879	1880	1912
1827	1794	1795
1795	1828	1827
1827	1826	1793
1793	1794	1827
1858	1857	1824
1824	1825	1858
1858	1825	1826
1826	1859	1858
1858	1890	1857
1858	1891	1890
1858	1859	1892
1892	1891	1858
1893	1926	1925
1893	1925	1892
1790	1758	1791
1757	1758	1790
1824	1823	1790
1791	1824	1790
1725	1758	1724
1724	1758	1757
1724	1756	1723
1757	1756	1724
1724	1723	1690
1724	1690	1691
1717	1684	1685
1685	1718	1717
1685	1686	1719
1719	1718	1685
1685	1684	1651
1651	1652	1685
1653	1686	1685
1685	1652	1653
1784	1816	1783
1784	1817	1816
1753	1720	1721
1721	1754	1753
1719	1720	1753
1753	1752	1719
1751	1750	1717
1717	1718	1751
1751	1718	1719
1719	1752	1751
1783	1750	1751
1751	1784	1783
1592	1625	1624
1591	1592	1624
1655	1622	1656
1622	1623	1656
1727	1761	1760
1728	1761	1727
1727	1760	1759
1759	1726	1727
1559	1592	1558
1558	1592	1591
1589	1556	1590
1556	1557	1590
1590	1558	1591
1557	1558	1590
1622	1589	1590
1590	1623	1622
1591	1624	1590
1590	1624	1623
1597	1564	1598
1598	1564	1565
1566	1599	1598
1565	1566	1598
1593	1560	1594
1594	1560	1561
1464	1497	1463
1463	1497	1496
1495	1463	1496
1462	1463	1495
1501	1469	1502
1501	1468	1469
1501	1500	1467
1467	1468	1501
1565	1564	1532
1532	1564	1531
1467	1466	1433
1433	1434	1467
1433	1401	1434
1400	1401	1433
1508	1507	1474
1474	1475	1508
1450	1483	1482
1482	1449	1450
1467	1434	1435
1435	1468	1467
1425	1458	1457
1457	1424	1425
1459	1458	1425
1425	1426	1459
1459	1426	1427
1427	1460	1459
1456	1424	1457
1456	1423	1424
1456	1455	1422
1422	1423	1456
1456	1457	1490
1490	1489	1456
1456	1488	1455
1456	1489	1488
1325	1324	1292
1292	1324	1291
1291	1258	1292
1292	1258	1259
1329	1362	1328
1328	1362	1361
1360	1328	1361
1327	1328	1360
1357	1324	1325
1357	1325	1358
1323	1355	1322
1356	1355	1323
1324	1357	1323
1323	1357	1356
1323	1289	1290
1323	1322	1289
1323	1290	1291
1291	1324	1323
1364	1365	1397
1397	1365	1398
1389	1423	1422
1389	1390	1423
1356	1357	1389
1389	1357	1390
1103	1071	1104
1070	1071	1103
1103	1069	1070
1103	1102	1069
1120	1154	1153
1121	1154	1120
1153	1152	1120
1120	1152	1119
952	953	986
986	985	952
1170	1169	1136
1137	1170	1136
1168	1135	1136
1136	1169	1168
1136	1103	1104
1104	1137	1136
1135	1102	1136
1102	1103	1136
1206	1173	1174
1174	1207	1206
990	956	957
990	989	956
1022	989	990
990	1023	1022
1022	1023	1056
1055	1022	1056
1176	1142	1143
1175	1142	1176
1143	1144	1176
1144	1177	1176
1178	1177	1144
1178	1144	1145
1113	1146	1112
1112	1146	1145
1144	1111	1112
1145	1144	1112
1079	1080	1112
1080	1113	1112
1112	1111	1078
1112	1078	1079
983	949	950
983	982	949
950	951	983
951	984	983
948	949	981
949	982	981
981	947	948
981	980	947
832	865	864
832	864	831
798	799	832
832	831	798
864	863	830
831	864	830
862	829	830
830	863	862
830	797	798
798	831	830
796	797	830
830	829	796
834	835	867
867	835	868
900	899	867
867	899	866
867	901	900
868	901	867
870	904	903
870	871	904
870	838	871
837	838	870
895	928	927
927	894	895
929	928	895
895	896	929
895	861	862
895	894	861
863	896	895
862	863	895
931	930	898
930	897	898
898	932	931
898	899	932
897	864	898
864	865	898
866	899	898
898	865	866
813	780	814
814	780	781
782	815	814
781	782	814
847	846	814
814	846	813
848	814	815
847	814	848
848	880	847
848	881	880
882	881	848
848	849	882
819	818	785
785	786	819
882	849	850
883	882	850
743	776	742
742	776	775
742	710	743
709	710	742
753	786	752
752	786	785
752	785	784
784	751	752
717	718	750
750	718	751
750	751	784
784	783	750
678	679	712
712	711	678
712	679	680
680	713	712
767	766	733
734	767	733
700	701	733
733	701	734
769	736	737
769	737	770
769	770	803
803	802	769
669	670	702
670	703	702
702	668	669
702	701	668
760	727	728
728	761	760
727	694	728
694	695	728
731	730	698
698	730	697
697	664	698
698	664	665
698	665	666
666	699	698
842	841	809
841	808	809
809	843	842
809	810	843
775	776	809
809	808	775
809	776	777
777	810	809
811	845	844
812	845	811
844	843	811
843	810	811
811	779	812
811	778	779
777	778	811
811	810	777
707	740	739
739	706	707
739	738	705
705	706	739
739	773	772
740	773	739
771	738	739
772	771	739
781	780	747
747	748	781
747	780	779
779	746	747
747	715	748
714	715	747
747	713	714
747	746	713
803	804	836
836	804	837
836	835	802
836	802	803
357	358	390
390	358	391
390	356	357
390	389	356
393	360	361
361	394	393
359	360	393
393	392	359
393	427	426
393	394	427
426	425	393
393	425	392
414	380	381
414	413	380
382	415	414
381	382	414
414	447	446
446	413	414
448	447	414
414	415	448
388	421	387
421	420	387
355	388	387
387	354	355
409	376	377
409	377	410
443	442	409
410	443	409
409	442	441
441	408	409
408	407	375
375	407	374
376	409	375
375	409	408
341	342	375
374	341	375
343	376	375
375	342	343
440	408	441
440	407	408
439	406	440
406	407	440
474	473	440
440	441	474
473	472	440
440	472	439
411	444	443
411	443	410
445	444	411
411	412	445
377	344	378
344	345	378
346	379	378
378	345	346
410	377	378
378	411	410
379	412	378
412	411	378
372	371	338
339	372	338
338	371	370
370	337	338
338	305	306
306	339	338
304	305	338
338	337	304
307	339	306
307	340	339
308	341	307
341	340	307
273	274	307
306	273	307
274	275	307
275	308	307
373	341	374
373	340	341
373	372	339
339	340	373
374	407	373
373	407	406
406	405	373
405	372	373
826	793	794
794	827	826
794	828	827
794	795	828
794	793	760
760	761	794
762	795	794
794	761	762
302	303	336
335	302	336
336	303	304
304	337	336
336	368	335
336	369	368
370	369	336
336	337	370
333	334	366
366	334	367
332	300	333
332	299	300
332	331	298
298	299	332
333	366	332
332	366	365
364	331	332
332	365	364
1261	1228	1229
1229	1262	1261
1261	1227	1228
1261	1260	1227
1175	1176	1208
1208	1176	1209
1207	1174	1208
1208	1174	1175
1204	1205	1238
1238	1237	1204
1238	1205	1206
1206	1239	1238
1207	1208	1240
1240	1208	1241
1206	1207	1240
1240	1239	1206
1242	1208	1209
1241	1208	1242
1232	1199	1200
1200	1233	1232
1229	1196	1230
1230	1196	1197
1198	1230	1197
1231	1230	1198
1199	1232	1198
1198	1232	1231
1197	1164	1198
1164	1165	1198
1198	1165	1166
1166	1199	1198
1315	1316	1349
1348	1315	1349
1317	1350	1349
1349	1316	1317
1350	1383	1349
1349	1383	1382
1333	1365	1332
1366	1365	1333
1335	1369	1368
1336	1369	1335
1366	1333	1367
1367	1333	1334
1334	1335	1367
1367	1335	1368
1367	1401	1400
1367	1368	1401
1332	1331	1298
1299	1332	1298
1298	1330	1297
1331	1330	1298
1237	1238	1271
1271	1270	1237
1271	1238	1239
1239	1272	1271
1347	1314	1315
1347	1315	1348
1347	1346	1313
1313	1314	1347
1348	1349	1381
1381	1349	1382
1381	1347	1348
1380	1347	1381
1413	1380	1381
1381	1414	1413
1346	1347	1379
1379	1347	1380
1350	1351	1384
1384	1383	1350
1370	1369	1337
1337	1369	1336
1370	1337	1371
1371	1337	1338
1339	1372	1371
1371	1338	1339
1405	1371	1372
1404	1371	1405
1373	1405	1372
1406	1405	1373
1373	1372	1339
1339	1340	1373
401	435	434
402	435	401
434	433	401
433	400	401
401	369	402
368	369	401
367	368	401
401	400	367
432	431	399
431	398	399
399	433	432
399	400	433
398	365	399
365	366	399
399	366	367
367	400	399
672	671	638
638	639	672
672	639	640
640	673	672
672	704	671
705	704	672
672	706	705
672	673	706
675	708	674
674	708	707
707	706	674
706	673	674
677	645	678
644	645	677
643	644	677
677	676	643
678	711	677
711	710	677
709	676	677
677	710	709
686	653	654
686	654	687
686	685	652
652	653	686
714	681	682
682	715	714
648	649	682
682	681	648
682	649	650
650	683	682
687	688	721
720	687	721
721	689	722
721	688	689
721	754	753
753	720	721
722	755	721
755	754	721
12	13	46
46	45	12
46	13	14
14	47	46
79	78	46
78	45	46
46	80	79
46	47	80
96	130	129
97	130	96
129	128	96
128	95	96
96	64	97
96	63	64
62	63	96
96	95	62
127	126	94
126	93	94
94	128	127
94	95	128
60	61	94
94	93	60
94	61	62
62	95	94
92	126	125
92	93	126
125	124	92
124	91	92
92	59	60
60	93	92
58	59	92
92	91	58
152	153	185
185	153	186
185	151	152
185	184	151
186	219	185
219	218	185
217	184	185
218	217	185
2142	2141	2108
2108	2109	2142
2110	2143	2142
2142	2109	2110
2102	2069	2070
2102	2070	2103
2068	2069	2102
2102	2101	2068
2103	2136	2102
2102	2136	2135
2135	2134	2102
2134	2101	2102
2137	2104	2105
2105	2138	2137
2139	2138	2105
2106	2139	2105
2105	2071	2072
2104	2071	2105
2072	2073	2105
2105	2073	2106
2065	2032	2033
2033	2066	2065
2034	2067	2033
2033	2067	2066
2033	1999	2000
2032	1999	2033
2000	2001	2033
2033	2001	2034
2009	2010	2042
2042	2010	2043
2073	2040	2074
2074	2040	2041
2041	2042	2074
2074	2042	2075
2074	2107	2106
2106	2073	2074
2108	2107	2074
2074	2075	2108
2077	2110	2076
2110	2109	2076
2076	2109	2108
2108	2075	2076
2076	2044	2077
2043	2044	2076
2076	2042	2043
2075	2042	2076
2011	1979	2012
2011	1978	1979
2011	2010	1977
1977	1978	2011
2012	2045	2011
2011	2045	2044
2043	2010	2011
2011	2044	2043
1975	1976	2008
2008	1976	2009
2008	1974	1975
2008	2007	1974
2009	2042	2008
2008	2042	2041
2041	2040	2008
2040	2007	2008
1973	1974	2006
1974	2007	2006
2006	2040	2039
2006	2007	2040
1930	1931	1964
1964	1963	1930
1964	1931	1932
1932	1965	1964
1997	1996	1964
1964	1996	1963
1964	1998	1997
1964	1965	1998
2055	2054	2021
2022	2055	2021
2021	2054	2053
2021	2053	2020
2021	1988	1989
2021	1989	2022
1987	1988	2021
2021	2020	1987
2118	2085	2086
2086	2119	2118
2118	2117	2084
2084	2085	2118
1787	1788	1821
1820	1787	1821
1821	1854	1853
1853	1820	1821
1821	1822	1855
1855	1854	1821
2060	2059	2027
2027	2059	2026
2027	2028	2061
2027	2061	2060
1993	1994	2027
2026	1993	2027
2027	1994	1995
1995	2028	2027
1927	1928	1961
1927	1961	1960
1959	1926	1927
1960	1959	1927
1927	1894	1895
1895	1928	1927
1926	1893	1927
1927	1893	1894
1924	1891	1892
1892	1925	1924
1924	1923	1890
1890	1891	1924
1924	1925	1958
1958	1957	1924
1924	1957	1956
1956	1923	1924
2026	2025	1992
1992	1993	2026
1992	2024	1991
1992	2025	2024
1960	1993	1992
1992	1959	1960
1992	1991	1958
1958	1959	1992
2090	2123	2122
2090	2122	2089
2124	2123	2090
2090	2091	2124
2089	2056	2090
2090	2056	2057
2057	2058	2090
2058	2091	2090
2093	2127	2126
2094	2127	2093
2093	2061	2094
2060	2061	2093
2086	2087	2120
2120	2119	2086
2087	2088	2120
2088	2121	2120
1840	1807	1841
1807	1808	1841
1809	1842	1841
1841	1808	1809
1841	1874	1873
1873	1840	1841
1875	1874	1841
1842	1875	1841
1811	1812	1845
1844	1811	1845
1845	1813	1846
1812	1813	1845
1845	1878	1877
1845	1877	1844
1879	1878	1845
1846	1879	1845
1805	1838	1804
1838	1837	1804
1801	1835	1834
1802	1835	1801
1796	1829	1828
1796	1828	1795
1795	1762	1796
1762	1763	1796
1872	1839	1840
1872	1840	1873
1838	1839	1872
1872	1871	1838
1872	1906	1905
1873	1906	1872
1905	1904	1872
1904	1871	1872
1869	1836	1870
1836	1837	1870
1870	1837	1838
1838	1871	1870
1870	1903	1902
1870	1902	1869
1904	1903	1870
1870	1871	1904
1865	1832	1833
1833	1866	1865
1867	1866	1833
1833	1834	1867
1833	1799	1800
1832	1799	1833
1833	1801	1834
1800	1801	1833
1810	1842	1809
1810	1843	1842
1810	1811	1844
1844	1843	1810
1910	1909	1876
1876	1877	1910
1876	1908	1875
1876	1909	1908
1844	1877	1876
1876	1843	1844
1876	1875	1842
1842	1843	1876
1848	1881	1847
1881	1880	1847
1847	1880	1879
1847	1879	1846
1847	1815	1848
1814	1815	1847
1847	1813	1814
1846	1813	1847
1861	1894	1860
1894	1893	1860
1892	1859	1860
1860	1893	1892
1860	1828	1861
1860	1827	1828
1826	1827	1860
1860	1859	1826
1755	1788	1787
1755	1787	1754
1755	1754	1721
1721	1722	1755
1723	1756	1755
1755	1722	1723
1788	1755	1789
1789	1755	1756
1757	1790	1789
1789	1756	1757
1789	1821	1788
1822	1821	1789
1823	1822	1789
1789	1790	1823
1689	1721	1688
1689	1722	1721
1690	1723	1689
1723	1722	1689
1689	1688	1655
1655	1656	1689
1754	1787	1786
1786	1753	1754
1820	1819	1786
1786	1787	1820
1447	1480	1479
1447	1479	1446
1413	1414	1447
1446	1413	1447
1505	1472	1506
1506	1472	1473
1506	1474	1507
1473	1474	1506
1540	1506	1507
1539	1506	1540
1540	1507	1508
1508	1541	1540
1502	1503	1536
1535	1502	1536
1536	1503	1504
1504	1537	1536
1505	1506	1538
1538	1506	1539
1538	1504	1505
1538	1537	1504
1514	1513	1480
1480	1481	1514
1737	1770	1769
1737	1769	1736
1771	1770	1737
1737	1738	1771
1778	1745	1746
1746	1779	1778
1778	1812	1811
1778	1779	1812
1691	1690	1657
1657	1658	1691
1690	1689	1657
1657	1689	1656
1657	1624	1625
1625	1658	1657
1657	1656	1623
1623	1624	1657
1766	1765	1733
1765	1732	1733
1459	1460	1492
1492	1460	1493
1492	1491	1458
1492	1458	1459
1629	1628	1596
1596	1628	1595
1524	1556	1523
1524	1557	1556
1490	1491	1524
1523	1490	1524
1631	1598	1599
1599	1632	1631
1572	1538	1539
1571	1538	1572
1493	1460	1494
1494	1460	1461
1462	1495	1494
1461	1462	1494
1499	1500	1533
1533	1532	1499
1533	1566	1565
1565	1532	1533
1432	1465	1464
1432	1464	1431
1432	1433	1466
1466	1465	1432
1498	1466	1499
1498	1465	1466
1498	1497	1464
1464	1465	1498
1498	1532	1531
1499	1532	1498
1446	1479	1445
1479	1478	1445
1451	1452	1485
1485	1484	1451
1483	1450	1451
1451	1484	1483
1382	1383	1415
1415	1383	1416
1415	1381	1382
1414	1381	1415
1470	1469	1436
1437	1470	1436
1469	1468	1436
1468	1435	1436
1426	1425	1392
1393	1426	1392
1460	1427	1428
1461	1460	1428
1325	1292	1293
1293	1326	1325
1259	1260	1293
1293	1292	1259
1364	1397	1363
1363	1397	1396
1363	1331	1364
1363	1330	1331
1363	1362	1329
1329	1330	1363
1358	1325	1359
1325	1326	1359
1327	1360	1359
1359	1326	1327
1393	1392	1359
1359	1360	1393
1388	1420	1387
1388	1421	1420
1422	1421	1388
1388	1389	1422
1387	1354	1388
1354	1355	1388
1388	1355	1356
1356	1389	1388
1087	1120	1119
1119	1086	1087
1184	1218	1217
1185	1218	1184
1217	1216	1184
1216	1183	1184
1180	1147	1181
1181	1147	1148
1213	1180	1181
1181	1214	1213
1021	1022	1055
1055	1054	1021
1141	1142	1175
1175	1174	1141
1141	1174	1173
1173	1140	1141
1108	1109	1141
1109	1142	1141
1107	1108	1141
1141	1140	1107
1138	1170	1137
1138	1171	1170
1104	1105	1138
1138	1137	1104
1219	1251	1218
1219	1252	1251
1219	1220	1253
1253	1252	1219
1185	1186	1219
1219	1218	1185
1186	1187	1219
1187	1220	1219
1114	1146	1113
1114	1147	1146
1114	1115	1148
1148	1147	1114
1114	1113	1080
1114	1080	1081
1217	1250	1249
1249	1216	1217
1215	1216	1249
1249	1248	1215
1215	1248	1247
1247	1214	1215
982	983	1016
1015	982	1016
1016	983	984
984	1017	1016
1014	981	982
1014	982	1015
1013	980	1014
980	981	1014
1115	1114	1082
1082	1114	1081
1116	1115	1082
1082	1083	1116
1048	1082	1081
1049	1082	1048
1015	1016	1048
1048	1016	1049
1117	1149	1116
1150	1149	1117
801	834	833
800	801	833
833	799	800
833	832	799
834	867	833
833	867	866
865	832	833
866	865	833
869	901	868
902	901	869
903	902	869
869	870	903
868	835	869
835	836	869
837	870	869
869	836	837
784	817	816
816	783	784
816	815	782
782	783	816
816	850	849
817	850	816
816	848	815
849	848	816
820	786	787
820	819	786
820	853	852
852	819	820
818	819	851
851	819	852
817	818	851
851	850	817
851	885	884
852	885	851
851	884	883
883	850	851
804	771	805
805	771	772
805	838	837
837	804	805
741	773	740
774	773	741
741	742	775
775	774	741
741	740	707
707	708	741
741	708	709
709	742	741
753	752	719
719	720	753
719	752	751
751	718	719
719	686	687
719	687	720
719	718	685
685	686	719
749	782	781
781	748	749
749	750	783
749	783	782
745	712	713
713	746	745
745	746	779
779	778	745
732	764	731
765	764	732
732	766	765
732	733	766
731	698	732
732	698	699
732	699	700
700	733	732
800	767	768
768	801	800
768	802	801
768	769	802
763	762	729
729	730	763
761	728	729
762	761	729
729	696	697
697	730	729
729	695	696
729	728	695
422	389	423
389	390	423
391	424	423
423	390	391
423	455	422
456	455	423
423	424	457
423	457	456
386	418	385
419	418	386
386	420	419
386	387	420
386	352	353
385	352	386
353	354	386
354	387	386
1210	1176	1177
1209	1176	1210
1177	1178	1210
1178	1211	1210
1210	1242	1209
1243	1242	1210
1179	1147	1180
1146	1147	1179
1179	1178	1145
1145	1146	1179
1241	1242	1275
1274	1241	1275
1275	1242	1243
1243	1276	1275
1203	1171	1204
1170	1171	1203
1203	1169	1170
1203	1202	1169
1204	1237	1203
1237	1236	1203
1235	1202	1203
1203	1236	1235
1237	1270	1269
1269	1236	1237
1235	1236	1269
1269	1268	1235
1309	1275	1276
1308	1275	1309
1309	1341	1308
1342	1341	1309
1309	1343	1342
1309	1310	1343
1277	1309	1276
1310	1309	1277
1310	1277	1311
1311	1277	1278
1312	1345	1311
1311	1345	1344
1343	1310	1311
1344	1343	1311
1265	1232	1233
1265	1233	1266
1231	1232	1265
1265	1264	1231
1299	1298	1265
1266	1299	1265
1297	1264	1265
1265	1298	1297
1263	1262	1229
1229	1230	1263
1263	1230	1231
1231	1264	1263
1273	1240	1241
1273	1241	1274
1239	1240	1273
1273	1272	1239
1305	1271	1272
1304	1271	1305
1272	1273	1305
1305	1273	1306
1338	1337	1305
1305	1337	1304
1339	1338	1305
1305	1306	1339
1308	1341	1307
1307	1341	1340
1307	1340	1339
1339	1306	1307
1274	1275	1307
1307	1275	1308
1307	1273	1274
1306	1273	1307
1412	1380	1413
1412	1379	1380
1412	1413	1446
1446	1445	1412
1376	1343	1377
1377	1343	1344
1377	1409	1376
1410	1409	1377
1419	1452	1418
1452	1451	1418
1404	1405	1438
1437	1404	1438
1438	1405	1406
1438	1406	1439
1438	1471	1470
1438	1470	1437
1472	1471	1438
1438	1439	1472
1374	1342	1375
1374	1341	1342
1374	1373	1340
1340	1341	1374
1406	1373	1374
1407	1406	1374
641	673	640
641	674	673
641	642	675
675	674	641
641	640	607
641	607	608
608	609	641
609	642	641
2005	2004	1971
1971	1972	2005
2005	1972	1973
1973	2006	2005
2005	2037	2004
2005	2038	2037
2039	2038	2005
2005	2006	2039
2092	2125	2124
2124	2091	2092
2126	2125	2092
2092	2093	2126
2092	2091	2058
2092	2058	2059
2092	2059	2060
2060	2093	2092
1769	1770	1803
1803	1802	1769
1803	1770	1771
1771	1804	1803
1836	1835	1803
1803	1835	1802
1803	1804	1837
1803	1837	1836
1802	1801	1768
1769	1802	1768
1800	1767	1768
1768	1801	1800
1797	1831	1830
1797	1798	1831
1830	1829	1797
1829	1796	1797
1765	1798	1797
1764	1765	1797
1797	1796	1763
1797	1763	1764
1818	1817	1785
1817	1784	1785
1785	1819	1818
1785	1786	1819
1784	1751	1785
1785	1751	1752
1752	1753	1785
1753	1786	1785
1570	1538	1571
1537	1538	1570
1517	1518	1551
1551	1550	1517
1485	1518	1517
1517	1484	1485
1508	1475	1509
1509	1475	1476
1509	1541	1508
1509	1542	1541
1771	1738	1772
1738	1739	1772
1772	1739	1740
1740	1773	1772
1805	1804	1772
1772	1804	1771
1772	1806	1805
1772	1773	1806
1774	1773	1740
1740	1741	1774
1807	1806	1774
1806	1773	1774
1715	1716	1749
1749	1748	1715
1715	1748	1747
1747	1714	1715
1749	1782	1781
1781	1748	1749
1781	1782	1815
1781	1815	1814
1777	1810	1809
1777	1809	1776
1811	1810	1777
1777	1778	1811
1595	1628	1627
1627	1594	1595
1725	1724	1692
1692	1724	1691
1692	1726	1725
1692	1693	1726
1691	1658	1692
1658	1659	1692
1660	1693	1692
1692	1659	1660
1728	1727	1694
1694	1695	1728
1694	1727	1726
1726	1693	1694
1731	1732	1765
1731	1765	1764
1762	1761	1729
1729	1761	1728
1732	1731	1698
1699	1732	1698
1561	1560	1528
1560	1527	1528
1528	1494	1495
1527	1494	1528
1528	1495	1496
1496	1529	1528
1497	1498	1530
1530	1498	1531
1496	1497	1530
1530	1529	1496
1563	1564	1597
1597	1596	1563
1531	1564	1563
1563	1530	1531
1526	1560	1559
1526	1527	1560
1526	1494	1527
1493	1494	1526
1683	1716	1682
1716	1715	1682
1682	1714	1681
1682	1715	1714
1704	1670	1671
1703	1670	1704
1704	1737	1736
1736	1703	1704
1738	1737	1704
1704	1705	1738
1740	1739	1706
1707	1740	1706
1706	1739	1738
1738	1705	1706
1706	1674	1707
1673	1674	1706
1700	1668	1701
1667	1668	1700
1700	1733	1732
1700	1732	1699
1702	1670	1703
1669	1670	1702
1701	1668	1702
1702	1668	1669
1664	1631	1632
1664	1632	1665
1665	1698	1664
1664	1698	1697
1630	1663	1662
1630	1662	1629
1631	1664	1630
1630	1664	1663
1629	1596	1630
1630	1596	1597
1597	1598	1630
1598	1631	1630
1633	1599	1600
1633	1632	1599
1600	1567	1601
1601	1567	1568
1601	1633	1600
1634	1633	1601
1573	1540	1541
1573	1541	1574
1539	1540	1573
1573	1572	1539
1604	1570	1571
1603	1570	1604
1574	1541	1575
1541	1542	1575
1534	1501	1502
1534	1502	1535
1500	1501	1534
1534	1533	1500
1568	1567	1534
1535	1568	1534
1534	1567	1566
1566	1533	1534
1400	1433	1399
1433	1432	1399
1399	1432	1431
1431	1398	1399
1366	1367	1399
1399	1367	1400
1398	1365	1399
1399	1365	1366
1476	1475	1442
1442	1443	1476
1475	1474	1442
1474	1441	1442
1442	1409	1410
1410	1443	1442
1473	1472	1440
1472	1439	1440
1440	1474	1473
1440	1441	1474
1439	1406	1440
1440	1406	1407
1441	1440	1408
1408	1440	1407
1408	1442	1441
1409	1442	1408
1408	1374	1375
1407	1374	1408
1408	1375	1376
1376	1409	1408
1444	1443	1410
1410	1411	1444
1444	1412	1445
1411	1412	1444
1476	1443	1444
1444	1477	1476
1444	1445	1478
1444	1478	1477
1448	1415	1416
1448	1416	1449
1448	1447	1414
1414	1415	1448
1448	1449	1482
1482	1481	1448
1480	1447	1448
1448	1481	1480
1434	1401	1402
1402	1435	1434
1401	1368	1402
1368	1369	1402
1423	1390	1391
1424	1423	1391
1391	1425	1424
1391	1392	1425
1391	1357	1358
1390	1357	1391
1358	1359	1391
1391	1359	1392
1429	1462	1461
1461	1428	1429
1395	1429	1428
1396	1429	1395
1362	1363	1395
1395	1363	1396
1294	1328	1327
1295	1328	1294
1326	1293	1294
1327	1326	1294
1294	1261	1262
1262	1295	1294
1260	1261	1294
1294	1293	1260
1089	1122	1088
1088	1122	1121
1121	1120	1088
1120	1087	1088
1055	1056	1088
1088	1056	1089
1088	1054	1055
1088	1087	1054
1151	1184	1183
1151	1183	1150
1151	1152	1185
1185	1184	1151
1150	1117	1151
1151	1117	1118
1119	1152	1151
1151	1118	1119
1182	1149	1150
1150	1183	1182
1148	1149	1182
1182	1181	1148
1182	1183	1216
1182	1216	1215
1214	1181	1182
1215	1214	1182
988	989	1022
1022	1021	988
988	955	956
956	989	988
1139	1173	1172
1139	1140	1173
1172	1171	1139
1171	1138	1139
1139	1106	1107
1107	1140	1139
1105	1106	1139
1139	1138	1105
1286	1254	1287
1253	1254	1286
1286	1252	1253
1286	1285	1252
1286	1287	1320
1320	1319	1286
1286	1319	1318
1318	1285	1286
1250	1251	1284
1284	1283	1250
1251	1252	1284
1252	1285	1284
1317	1316	1284
1316	1283	1284
1284	1318	1317
1284	1285	1318
1281	1247	1248
1280	1247	1281
1281	1314	1313
1313	1280	1281
1081	1080	1047
1047	1048	1081
1047	1014	1015
1015	1048	1047
1050	1082	1049
1083	1082	1050
1050	1016	1017
1049	1016	1050
1019	1052	1018
1018	1052	1051
1018	1050	1017
1051	1050	1018
985	986	1018
1018	986	1019
1018	984	985
1018	1017	984
787	788	821
821	820	787
854	853	821
853	820	821
775	808	807
807	774	775
807	841	840
807	808	841
717	750	716
750	749	716
748	715	716
716	749	748
716	683	684
684	717	716
715	682	716
716	682	683
743	710	744
744	710	711
711	712	744
712	745	744
777	776	744
744	776	743
744	778	777
744	745	778
735	767	734
735	768	767
736	769	735
769	768	735
734	701	735
701	702	735
703	736	735
735	702	703
1201	1233	1200
1201	1234	1233
1201	1202	1235
1235	1234	1201
1201	1167	1168
1200	1167	1201
1168	1169	1201
1169	1202	1201
1266	1233	1267
1233	1234	1267
1235	1268	1267
1267	1234	1235
1262	1263	1296
1296	1295	1262
1296	1264	1297
1296	1263	1264
1329	1328	1296
1296	1328	1295
1297	1330	1296
1296	1330	1329
1303	1337	1336
1304	1337	1303
1336	1335	1303
1335	1302	1303
1270	1271	1303
1303	1271	1304
1303	1269	1270
1303	1302	1269
1378	1345	1346
1346	1379	1378
1344	1345	1378
1378	1377	1344
1379	1412	1378
1378	1412	1411
1410	1377	1378
1378	1411	1410
1351	1352	1385
1385	1384	1351
1385	1352	1353
1353	1386	1385
1385	1386	1419
1419	1418	1385
1383	1384	1417
1416	1383	1417
1384	1385	1417
1417	1385	1418
1417	1450	1449
1449	1416	1417
1417	1451	1450
1417	1418	1451
1734	1767	1766
1766	1733	1734
1734	1700	1701
1733	1700	1734
1535	1536	1569
1569	1568	1535
1569	1536	1537
1537	1570	1569
1479	1480	1512
1480	1513	1512
1512	1478	1479
1512	1511	1478
1511	1512	1544
1544	1512	1545
1513	1514	1546
1546	1514	1547
1546	1512	1513
1545	1512	1546
1477	1478	1510
1478	1511	1510
1510	1509	1476
1476	1477	1510
1511	1544	1510
1510	1544	1543
1542	1509	1510
1543	1542	1510
1516	1517	1550
1516	1550	1549
1483	1484	1516
1484	1517	1516
1584	1617	1583
1617	1616	1583
1583	1551	1584
1583	1550	1551
1549	1550	1583
1583	1582	1549
1617	1650	1649
1649	1616	1617
1649	1650	1683
1683	1682	1649
1649	1682	1681
1681	1648	1649
1775	1742	1743
1775	1743	1776
1775	1774	1741
1741	1742	1775
1809	1808	1775
1776	1809	1775
1775	1808	1807
1807	1774	1775
1713	1714	1747
1713	1747	1746
1746	1745	1713
1745	1712	1713
1744	1777	1776
1776	1743	1744
1745	1778	1744
1778	1777	1744
1711	1678	1679
1679	1712	1711
1711	1712	1745
1745	1744	1711
1812	1779	1780
1780	1813	1812
1814	1813	1780
1780	1781	1814
1780	1779	1746
1746	1747	1780
1747	1748	1780
1748	1781	1780
1626	1592	1593
1626	1625	1592
1593	1594	1626
1594	1627	1626
1626	1658	1625
1626	1659	1658
1660	1659	1626
1626	1627	1660
1695	1694	1661
1662	1695	1661
1661	1693	1660
1661	1694	1693
1661	1628	1629
1629	1662	1661
1661	1627	1628
1660	1627	1661
1728	1695	1696
1696	1729	1728
1662	1663	1696
1696	1695	1662
1696	1664	1697
1663	1664	1696
1730	1698	1731
1697	1698	1730
1729	1696	1730
1730	1696	1697
1764	1763	1730
1730	1731	1764
1730	1763	1762
1762	1729	1730
1562	1594	1561
1595	1594	1562
1562	1596	1595
1562	1563	1596
1561	1528	1562
1562	1528	1529
1529	1530	1562
1530	1563	1562
1525	1558	1557
1557	1524	1525
1559	1558	1525
1525	1526	1559
1491	1492	1525
1525	1524	1491
1525	1492	1493
1493	1526	1525
1669	1668	1635
1635	1636	1669
1635	1668	1667
1667	1634	1635
1665	1632	1666
1632	1633	1666
1666	1633	1634
1666	1634	1667
1699	1698	1666
1666	1698	1665
1667	1700	1666
1666	1700	1699
1603	1604	1637
1636	1603	1637
1637	1670	1669
1669	1636	1637
1671	1670	1637
1637	1638	1671
1543	1544	1576
1576	1544	1577
1576	1575	1542
1576	1542	1543
1549	1582	1581
1581	1548	1549
1615	1583	1616
1582	1583	1615
1614	1581	1615
1615	1581	1582
1616	1649	1615
1615	1649	1648
1615	1648	1647
1647	1614	1615
1579	1612	1578
1612	1611	1578
1545	1546	1578
1578	1546	1579
1578	1544	1545
1577	1544	1578
1674	1641	1642
1675	1674	1642
1437	1436	1403
1403	1404	1437
1403	1436	1435
1435	1402	1403
1403	1371	1404
1370	1371	1403
1403	1369	1370
1403	1402	1369
1464	1463	1430
1431	1464	1430
1430	1463	1462
1462	1429	1430
1430	1397	1398
1430	1398	1431
1396	1397	1430
1430	1429	1396
1393	1360	1394
1394	1360	1361
1361	1362	1394
1362	1395	1394
1394	1427	1426
1394	1426	1393
1394	1428	1427
1394	1395	1428
987	953	954
987	986	953
954	955	987
955	988	987
1282	1249	1250
1250	1283	1282
1248	1249	1282
1282	1281	1248
1282	1283	1316
1282	1316	1315
1315	1314	1282
1314	1281	1282
1244	1276	1243
1244	1277	1276
1278	1277	1244
1244	1245	1278
1243	1210	1244
1244	1210	1211
1245	1244	1212
1212	1244	1211
1212	1180	1213
1212	1179	1180
1212	1211	1178
1178	1179	1212
1213	1214	1246
1214	1247	1246
1245	1212	1246
1246	1212	1213
1045	1078	1077
1077	1044	1045
1011	1012	1045
1045	1044	1011
1053	1087	1086
1054	1087	1053
1085	1053	1086
1052	1053	1085
1085	1086	1119
1119	1118	1085
788	789	822
822	821	788
855	854	822
854	821	822
772	773	806
806	805	772
806	773	774
774	807	806
806	839	838
838	805	806
840	839	806
806	807	840
1300	1299	1266
1266	1267	1300
1300	1333	1332
1300	1332	1299
1736	1769	1735
1769	1768	1735
1735	1768	1767
1767	1734	1735
1735	1703	1736
1735	1702	1703
1701	1702	1735
1735	1734	1701
1602	1570	1603
1602	1569	1570
1602	1601	1568
1568	1569	1602
1636	1635	1602
1602	1603	1636
1634	1601	1602
1602	1635	1634
1547	1514	1515
1515	1548	1547
1515	1516	1549
1549	1548	1515
1515	1514	1481
1515	1481	1482
1482	1483	1515
1483	1516	1515
1680	1713	1712
1680	1712	1679
1681	1714	1680
1714	1713	1680
1680	1646	1647
1679	1646	1680
1680	1648	1681
1647	1648	1680
1678	1711	1710
1710	1677	1678
1710	1744	1743
1710	1711	1744
1640	1674	1673
1640	1641	1674
1672	1640	1673
1639	1640	1672
1638	1639	1672
1671	1638	1672
1672	1706	1705
1673	1706	1672
1672	1704	1671
1705	1704	1672
1638	1637	1605
1605	1637	1604
1571	1572	1605
1605	1604	1571
1645	1611	1612
1644	1611	1645
1678	1677	1645
1677	1644	1645
1679	1678	1645
1645	1646	1679
1574	1575	1608
1608	1607	1574
1641	1640	1608
1608	1640	1607
1580	1546	1547
1579	1546	1580
1548	1581	1580
1547	1548	1580
1643	1644	1677
1643	1677	1676
1675	1642	1643
1676	1675	1643
1019	986	1020
986	987	1020
1020	988	1021
1020	987	988
1020	1052	1019
1020	1053	1052
1020	1021	1054
1054	1053	1020
1279	1247	1280
1279	1246	1247
1278	1245	1279
1245	1246	1279
1313	1312	1279
1279	1280	1313
1279	1311	1278
1312	1311	1279
1046	1080	1079
1046	1047	1080
1079	1078	1046
1078	1045	1046
1013	1014	1046
1014	1047	1046
1046	1012	1013
1046	1045	1012
1116	1083	1084
1084	1117	1116
1118	1117	1084
1084	1085	1118
1084	1050	1051
1083	1050	1084
1051	1052	1084
1052	1085	1084
823	791	824
790	791	823
823	789	790
823	822	789
824	857	823
823	857	856
823	856	855
855	822	823
1268	1269	1301
1269	1302	1301
1301	1267	1268
1301	1300	1267
1301	1335	1334
1301	1302	1335
1334	1333	1301
1333	1300	1301
1708	1741	1740
1708	1740	1707
1707	1674	1708
1708	1674	1675
1606	1573	1574
1574	1607	1606
1572	1573	1606
1606	1605	1572
1606	1640	1639
1607	1640	1606
1606	1639	1638
1638	1605	1606
1610	1578	1611
1577	1578	1610
1610	1611	1644
1644	1643	1610
1613	1612	1579
1579	1580	1613
1613	1581	1614
1613	1580	1581
1613	1645	1612
1646	1645	1613
1613	1614	1647
1647	1646	1613
1743	1742	1709
1709	1710	1743
1709	1742	1741
1741	1708	1709
1676	1677	1709
1677	1710	1709
1709	1675	1676
1709	1708	1675
1575	1576	1609
1609	1608	1575
1609	1576	1577
1577	1610	1609
1609	1642	1641
1641	1608	1609
1609	1643	1642
1609	1610	1643
